0.974121 -0.000727344
0.862372 -0.005
0.951475 0.00966907
0.974121 -0.000727344
0.862372 -0.005
0.951475 0.00966907
0.95 0.00043274
0.97562 0.00118987
0.95 0.00043274
0.97562 0.00118987
1.09261 0.000544818
1.09261 0.000544818
0.49682 -0.305
1.49103 0.00615914
26

1 0
1 0
1 0
1 0
1 0
1 0
1 0
1 0
1 0
1 0
1 0
1 0
0.6 -0.3
1.5 0
26


0.974121 -0.000727344
0.862372 -0.005
0.951475 0.00966907
0.974121 -0.000727344
0.862372 -0.005
0.951475 0.00966907
0.95 0.00043274
0.97562 0.00118987
0.95 0.00043274
0.97562 0.00118987
1.09261 0.000544818
1.09261 0.000544818
0.49682 -0.305
1.49103 0.00615914
26


0.924121 -0.00538742
0.903175 -0.01
0.901475 0.00466907
0.924121 -0.00538742
0.903175 -0.01
0.901475 0.00466907
0.9 -0.00456726
1.02562 0.00128649
0.9 -0.00456726
1.02562 0.00128649
1.08709 0.00244376
1.08709 0.00244376
0.501057 -0.31
1.50628 0.00115914
26



0.923707	-0.00258597
0.96451 	-0.0041989
0.91823  	0.000173017
0.929539	-0.00216898
0.971229 	-0.00445085 
0.919313	0.00023342 
0.83668		-0.00113542 
1.0239		0.000350711 
0.835558 	-0.00128221 
1.02608 	0.000165077 
1.05726 	7.21621e-005 
1.06224 	0.000335093 
0.558211 	-0.304022 
1.49823 	0.000582718
26