14

0
-5	40
0	14
-40	4
13	0
0	0
0	0

0.05
-15	51
-5	22
-53	5
20	3
0	0
0	0

0.073
-20	56
-5	26
-59	5
20	2
0	0
0	0

0.1
-25	61
3	29
-65	5
26	5
0	0
0	0

0.2
-25	39
16	59
-41	17
57	18
0	0
0	0

0.3
-13	22
36	28
-30	33
51	35
0	0
0	0

0.465
-17	24
24	0
-61	7
34	21
0	0
0	0

0.5
-16	25
24	0
-62	-5	
45	22
0	0
0	0

0.6
-13	29	
22	-3
-60	-31
30	11
0	0
0	0

0.65
-12	30
19	-13
-51	-27	
34	13
0	0
0	0

0.7
-11	31
16	-23
-42	-23	
38	17
0	0
0	0

0.788
-6	34
12	-12
-42	-15
30	18
0	0
0	0

0.884
0	37
8	0
-41	-6
22	38
0	0
0	0

1
-5	40
0	14
-40	4
13	0
0	0
0	0









0.2
-25	38
24	41
-41	17
50	24
0	0
0	0




10

0
3	43
-7	15
-35	17
21	5
0	0
0	0

0.057
3	43
-3	17
-47	26
25	2
0	0
0	0

0.185
-11	41
3	27
-30	33
11	15
0	0
0	0

0.23
-18	41
6	36
-27	35
16	7
0	0
0	0

0.373
-14	42
15	24
-65	14
25	20
0	0
0	0

0.446
-12	42
20	14
-65	11
40	27
0	0
0	0

0.584
-8	42
24	0
-50	-6
40	30
0	0
0	0

0.715
-5	42
19	-10
-33	-6
35	23
0	0
0	0

0.88
10	49
-2	5
-48	0
24	10
0	0
0	0

1
3	43
-7	15
-35	17
21	5
0	0
0	0








6

0
-5 	49
4 	16
-40	9
22	4
0 	0
0 	0

0.125
-24	42
11	40
-48	10
39	11
0	0
0	0

0.275
-12	43
17	7
-33	39
-11	19
0	0
0	0

0.43
-20	41
17	9
-70	4
24	17
0	0
0	0

0.72
9	53
25	22
-31	8
28	24
0	0
0	0

1
-5 	49
4 	16
-40	9
22	4
0 	0
0 	0