0 0 0 
0.025 0.0175 0.024 
0.02 0 0 
0.04 0 0 
-0.025 0.0175 0.024 
-0.02 0 0 
-0.04 0 0 
-7.45058e-010 0 0 
4
-0.0095 0 0 
0.0095 0 0 
0.0095 0 -0.01265 
-0.0095 0 -0.01265 
0 0 -0.01265 
4
0.0095 0 -6.85453e-011 
0.0095 0 -0.01265 
-0.0095 0 -0.01265 
-0.0095 0 -6.85453e-011 
0 0 -0.01265 
4
-0.0095 0 -1.37091e-010 
0.0095 0 -1.37091e-010 
0.0095 0 -0.01265 
-0.0095 0 -0.01265 
0 0 -0.01265 
4
0.0095 0 1.65701e-009 
0.0095 0 -0.01265 
-0.0095 0 -0.01265 
-0.0095 0 1.65701e-009 
0 0 -0.01265 
4
-0.0095 0 -2.74181e-010 
0.0095 0 -2.74181e-010 
0.0095 0 -0.01265 
-0.0095 0 -0.01265 
0 0 -0.01265 
4
0.0095 0 -2.20537e-009 
0.0095 0 -0.01265 
-0.0095 0 -0.01265 
-0.0095 0 -2.20537e-009 
0 0 -0.01265 
4
-0.0095 0 3.31402e-009 
0.0095 0 3.31402e-009 
0.0095 0 -0.01265 
-0.0095 0 -0.01265 
0 0 -0.01265 
4
0.0095 0 1.38283e-009 
0.0095 0 -0.01265 
-0.0095 0 -0.01265 
-0.0095 0 1.38283e-009 
0 0 -0.01265 
3
0 0 -0.0088 
-0.0095 0 -5.48363e-010 
0.0095 0 -5.48363e-010 
-7.45058e-010 0 0 
4
-0.01045 0 0 
0.00855 0 0 
0.00855 0 -0.0132889 
-0.01045 0 -0.0132889 
0 0 -0.0132889 
4
0.00855 0 2.56157e-010 
0.00855 0 -0.0132889 
-0.01045 0 -0.0132889 
-0.01045 0 2.56157e-010 
0 0 -0.0132889 
4
-0.01045 0 5.12314e-010 
0.00855 0 5.12314e-010 
0.00855 0 -0.0132889 
-0.01045 0 -0.0132889 
0 0 -0.0132889 
4
0.00855 0 7.68471e-010 
0.00855 0 -0.0132889 
-0.01045 0 -0.0132889 
-0.01045 0 7.68471e-010 
0 0 -0.0132889 
4
-0.01045 0 1.02463e-009 
0.00855 0 1.02463e-009 
0.00855 0 -0.0132888 
-0.01045 0 -0.0132888 
0 0 -0.0132888 
4
0.00855 0 -3.02734e-009 
0.00855 0 -0.0132889 
-0.01045 0 -0.0132889 
-0.01045 0 -3.02734e-009 
0 0 -0.0132889 
4
-0.01045 0 -2.77119e-009 
0.00855 0 -2.77119e-009 
0.00855 0 -0.0132889 
-0.01045 0 -0.0132889 
0 0 -0.0132889 
4
0.00855 0 -2.51503e-009 
0.00855 0 -0.0132888 
-0.01045 0 -0.0132888 
-0.01045 0 -2.51503e-009 
0 0 -0.0132888 
3
0 0 -0.009245 
-0.01045 0 8.83579e-010 
0.00855 0 8.83579e-010 
-7.45058e-010 0 0 
4
-0.0114 0 0 
0.0076 0 0 
0.0076 0 -0.0139278 
-0.0114 0 -0.0139278 
0 0 -0.0139278 
4
0.0076 0 -3.50463e-010 
0.0076 0 -0.0139278 
-0.0114 0 -0.0139278 
-0.0114 0 -3.50463e-010 
0 0 -0.0139278 
4
-0.0114 0 -7.00927e-010 
0.0076 0 -7.00927e-010 
0.0076 0 -0.0139277 
-0.0114 0 -0.0139277 
0 0 -0.0139277 
4
0.0076 0 -7.02906e-010 
0.0076 0 -0.0139278 
-0.0114 0 -0.0139278 
-0.0114 0 -7.02906e-010 
0 0 -0.0139278 
4
-0.0114 0 1.7406e-009 
0.0076 0 1.7406e-009 
0.0076 0 -0.0139278 
-0.0114 0 -0.0139278 
0 0 -0.0139278 
4
0.0076 0 4.58813e-010 
0.0076 0 -0.0139278 
-0.0114 0 -0.0139278 
-0.0114 0 4.58813e-010 
0 0 -0.0139278 
4
-0.0114 0 2.90232e-009 
0.0076 0 2.90232e-009 
0.0076 0 -0.0139277 
-0.0114 0 -0.0139277 
0 0 -0.0139277 
4
0.0076 0 1.03769e-009 
0.0076 0 -0.0139276 
-0.0114 0 -0.0139276 
-0.0114 0 1.03769e-009 
0 0 -0.0139276 
3
0 0 -0.009689 
-0.0114 0 2.31552e-009 
0.0076 0 2.31552e-009 
-7.45058e-010 0 0 
4
-0.01235 0 0 
0.00665 0 0 
0.00665 0 -0.0145667 
-0.01235 0 -0.0145667 
0 0 -0.0145667 
4
0.00665 0 -2.57611e-011 
0.00665 0 -0.0145666 
-0.01235 0 -0.0145666 
-0.01235 0 -2.57611e-011 
0 0 -0.0145666 
4
-0.01235 0 -6.3436e-010 
0.00665 0 -6.3436e-010 
0.00665 0 -0.0145667 
-0.01235 0 -0.0145667 
0 0 -0.0145667 
4
0.00665 0 -1.59144e-009 
0.00665 0 -0.0145667 
-0.01235 0 -0.0145667 
-0.01235 0 -1.59144e-009 
0 0 -0.0145667 
4
-0.01235 0 -6.85883e-010 
0.00665 0 -6.85883e-010 
0.00665 0 -0.0145666 
-0.01235 0 -0.0145666 
0 0 -0.0145666 
4
0.00665 0 -3.63159e-010 
0.00665 0 -0.0145667 
-0.01235 0 -0.0145667 
-0.01235 0 -3.63159e-010 
0 0 -0.0145667 
4
-0.01235 0 -3.18289e-009 
0.00665 0 -3.18289e-009 
0.00665 0 -0.014567 
-0.01235 0 -0.014567 
0 0 -0.014567 
4
0.00665 0 -5.28812e-010 
0.00665 0 -0.014566 
-0.01235 0 -0.014566 
-0.01235 0 -5.28812e-010 
0 0 -0.014566 
3
0 0 -0.010134 
-0.01235 0 -3.70312e-009 
0.00665 0 -3.70312e-009 
-7.45058e-010 0 0 
4
-0.0133 0 0 
0.0057 0 0 
0.0057 0 -0.0152056 
-0.0133 0 -0.0152056 
0 0 -0.0152056 
4
0.0057 0 2.98941e-010 
0.0057 0 -0.0152055 
-0.0133 0 -0.0152055 
-0.0133 0 2.98941e-010 
0 0 -0.0152055 
4
-0.0133 0 1.50442e-011 
0.0057 0 1.50442e-011 
0.0057 0 -0.0152056 
-0.0133 0 -0.0152056 
0 0 -0.0152056 
4
0.0057 0 1.24531e-009 
0.0057 0 -0.0152055 
-0.0133 0 -0.0152055 
-0.0133 0 1.24531e-009 
0 0 -0.0152055 
4
-0.0133 0 3.00884e-011 
0.0057 0 3.00884e-011 
0.0057 0 -0.0152056 
-0.0133 0 -0.0152056 
0 0 -0.0152056 
4
0.0057 0 3.123e-009 
0.0057 0 -0.0152055 
-0.0133 0 -0.0152055 
-0.0133 0 3.123e-009 
0 0 -0.0152055 
4
-0.0133 0 -1.81751e-009 
0.0057 0 -1.81751e-009 
0.0057 0 -0.0152057 
-0.0133 0 -0.0152057 
0 0 -0.0152057 
4
0.0057 0 1.85823e-009 
0.0057 0 -0.015205 
-0.0133 0 -0.015205 
-0.0133 0 1.85823e-009 
0 0 -0.015205 
3
0 0 -0.010578 
-0.0133 0 -2.27118e-009 
0.0057 0 -2.27118e-009 
-7.45058e-010 0 0 
4
-0.01425 0 0 
0.00475 0 0 
0.00475 0 -0.0158444 
-0.01425 0 -0.0158444 
0 0 -0.0158444 
4
0.00475 0 -8.90517e-010 
0.00475 0 -0.0158445 
-0.01425 0 -0.0158445 
-0.01425 0 -8.90517e-010 
0 0 -0.0158445 
4
-0.01425 0 -1.1982e-009 
0.00475 0 -1.1982e-009 
0.00475 0 -0.0158444 
-0.01425 0 -0.0158444 
0 0 -0.0158444 
4
0.00475 0 -2.26068e-010 
0.00475 0 -0.0158445 
-0.01425 0 -0.0158445 
-0.01425 0 -2.26068e-010 
0 0 -0.0158445 
4
-0.01425 0 -2.39639e-009 
0.00475 0 -2.39639e-009 
0.00475 0 -0.0158444 
-0.01425 0 -0.0158444 
0 0 -0.0158444 
4
0.00475 0 2.30103e-009 
0.00475 0 -0.0158445 
-0.01425 0 -0.0158445 
-0.01425 0 2.30103e-009 
0 0 -0.0158445 
4
-0.01425 0 -3.59459e-009 
0.00475 0 -3.59459e-009 
0.00475 0 -0.0158443 
-0.01425 0 -0.0158443 
0 0 -0.0158443 
4
0.00475 0 -3.2053e-009 
0.00475 0 -0.015845 
-0.01425 0 -0.015845 
-0.01425 0 -3.2053e-009 
0 0 -0.015845 
3
0 0 -0.011022 
-0.01425 0 -2.46143e-009 
0.00475 0 -2.46143e-009 
-7.45058e-010 0 0 
4
-0.0152 0 0 
0.0038 0 0 
0.0038 0 -0.0164833 
-0.0152 0 -0.0164833 
0 0 -0.0164833 
4
0.0038 0 -5.65815e-010 
0.0038 0 -0.0164834 
-0.0152 0 -0.0164834 
-0.0152 0 -5.65815e-010 
0 0 -0.0164834 
4
-0.0152 0 -5.48792e-010 
0.0038 0 -5.48792e-010 
0.0038 0 -0.0164833 
-0.0152 0 -0.0164833 
0 0 -0.0164833 
4
0.0038 0 -1.11461e-009 
0.0038 0 -0.0164833 
-0.0152 0 -0.0164833 
-0.0152 0 -1.11461e-009 
0 0 -0.0164833 
4
-0.0152 0 2.04487e-009 
0.0038 0 2.04487e-009 
0.0038 0 -0.0164834 
-0.0152 0 -0.0164834 
0 0 -0.0164834 
4
0.0038 0 -1.6634e-009 
0.0038 0 -0.0164833 
-0.0152 0 -0.0164833 
-0.0152 0 -1.6634e-009 
0 0 -0.0164833 
4
-0.0152 0 -2.22921e-009 
0.0038 0 -2.22921e-009 
0.0038 0 -0.016483 
-0.0152 0 -0.016483 
0 0 -0.016483 
4
0.0038 0 -8.18253e-010 
0.0038 0 -0.016484 
-0.0152 0 -0.016484 
-0.0152 0 -8.18253e-010 
0 0 -0.016484 
3
0 0 -0.011466 
-0.0152 0 6.42109e-009 
0.0038 0 6.42109e-009 
-7.45058e-010 0 0 
4
-0.01615 0 0 
0.00285 0 0 
0.00285 0 -0.0171222 
-0.01615 0 -0.0171222 
0 0 -0.0171222 
4
0.00285 0 -2.41113e-010 
0.00285 0 -0.0171222 
-0.01615 0 -0.0171222 
-0.01615 0 -2.41113e-010 
0 0 -0.0171222 
4
-0.01615 0 -4.82225e-010 
0.00285 0 -4.82225e-010 
0.00285 0 -0.0171223 
-0.01615 0 -0.0171223 
0 0 -0.0171223 
4
0.00285 0 1.72215e-009 
0.00285 0 -0.0171222 
-0.01615 0 -0.0171222 
-0.01615 0 1.72215e-009 
0 0 -0.0171222 
4
-0.01615 0 3.34368e-009 
0.00285 0 3.34368e-009 
0.00285 0 -0.0171222 
-0.01615 0 -0.0171222 
0 0 -0.0171222 
4
0.00285 0 -2.48537e-009 
0.00285 0 -0.0171219 
-0.01615 0 -0.0171219 
-0.01615 0 -2.48537e-009 
0 0 -0.0171219 
4
-0.01615 0 1.11294e-009 
0.00285 0 1.11294e-009 
0.00285 0 -0.017123 
-0.01615 0 -0.017123 
0 0 -0.017123 
4
0.00285 0 -5.34058e-011 
0.00285 0 -0.017122 
-0.01615 0 -0.017122 
-0.01615 0 -5.34058e-011 
0 0 -0.017122 
3
0 0 -0.011911 
-0.01615 0 4.02451e-010 
0.00285 0 4.02451e-010 
-7.45058e-010 0 0 
4
-0.0171 0 0 
0.0019 0 0 
0.0019 0 -0.0177611 
-0.0171 0 -0.0177611 
0 0 -0.0177611 
4
0.0019 0 8.35896e-011 
0.0019 0 -0.0177611 
-0.0171 0 -0.0177611 
-0.0171 0 8.35896e-011 
0 0 -0.0177611 
4
-0.0171 0 1.67179e-010 
0.0019 0 1.67179e-010 
0.0019 0 -0.0177611 
-0.0171 0 -0.0177611 
0 0 -0.0177611 
4
0.0019 0 2.50769e-010 
0.0019 0 -0.0177611 
-0.0171 0 -0.0177611 
-0.0171 0 2.50769e-010 
0 0 -0.0177611 
4
-0.0171 0 3.34358e-010 
0.0019 0 3.34358e-010 
0.0019 0 -0.0177612 
-0.0171 0 -0.0177612 
0 0 -0.0177612 
4
0.0019 0 1.00079e-009 
0.0019 0 -0.0177614 
-0.0171 0 -0.0177614 
-0.0171 0 1.00079e-009 
0 0 -0.0177614 
4
-0.0171 0 2.83289e-009 
0.0019 0 2.83289e-009 
0.0019 0 -0.017761 
-0.0171 0 -0.017761 
0 0 -0.017761 
4
0.0019 0 2.33364e-009 
0.0019 0 -0.017761 
-0.0171 0 -0.017761 
-0.0171 0 2.33364e-009 
0 0 -0.017761 
3
0 0 -0.012355 
-0.0171 0 -5.61619e-009 
0.0019 0 -5.61619e-009 
-7.45058e-010 0 0 
4
-0.01805 0 0 
0.00095 0 0 
0.00095 0 -0.0184 
-0.01805 0 -0.0184 
0 0 -0.0184 
4
0.00095 0 4.08292e-010 
0.00095 0 -0.0184 
-0.01805 0 -0.0184 
-0.01805 0 4.08292e-010 
0 0 -0.0184 
4
-0.01805 0 8.16584e-010 
0.00095 0 8.16584e-010 
0.00095 0 -0.0184 
-0.01805 0 -0.0184 
0 0 -0.0184 
4
0.00095 0 -6.3777e-010 
0.00095 0 -0.0184 
-0.01805 0 -0.0184 
-0.01805 0 -6.3777e-010 
0 0 -0.0184 
4
-0.01805 0 1.63317e-009 
0.00095 0 1.63317e-009 
0.00095 0 -0.0184 
-0.01805 0 -0.0184 
0 0 -0.0184 
4
0.00095 0 1.78814e-010 
0.00095 0 -0.0184 
-0.01805 0 -0.0184 
-0.01805 0 1.78814e-010 
0 0 -0.0184 
4
-0.01805 0 -1.27554e-009 
0.00095 0 -1.27554e-009 
0.00095 0 -0.0184 
-0.01805 0 -0.0184 
0 0 -0.0184 
4
0.00095 0 4.72069e-009 
0.00095 0 -0.0184 
-0.01805 0 -0.0184 
-0.01805 0 4.72069e-009 
0 0 -0.0184 
3
0 0 -0.0128 
-0.01805 0 3.26633e-009 
0.00095 0 3.26633e-009 
7.45058e-010 0 0 
4
0.01805 0 0 
0.01805 0 -0.0184 
-0.00095 0 -0.0184 
-0.00095 0 0 
0 0 -0.0184 
4
-0.00095 0 4.08292e-010 
0.01805 0 4.08292e-010 
0.01805 0 -0.0184 
-0.00095 0 -0.0184 
0 0 -0.0184 
4
0.01805 0 8.16584e-010 
0.01805 0 -0.0184 
-0.00095 0 -0.0184 
-0.00095 0 8.16584e-010 
0 0 -0.0184 
4
-0.00095 0 -6.3777e-010 
0.01805 0 -6.3777e-010 
0.01805 0 -0.0184 
-0.00095 0 -0.0184 
0 0 -0.0184 
4
0.01805 0 1.63317e-009 
0.01805 0 -0.0184 
-0.00095 0 -0.0184 
-0.00095 0 1.63317e-009 
0 0 -0.0184 
4
-0.00095 0 1.78814e-010 
0.01805 0 1.78814e-010 
0.01805 0 -0.0184 
-0.00095 0 -0.0184 
0 0 -0.0184 
4
0.01805 0 -1.27554e-009 
0.01805 0 -0.0184 
-0.00095 0 -0.0184 
-0.00095 0 -1.27554e-009 
0 0 -0.0184 
4
-0.00095 0 4.72069e-009 
0.01805 0 4.72069e-009 
0.01805 0 -0.0184 
-0.00095 0 -0.0184 
0 0 -0.0184 
3
0 0 -0.0128 
-0.00095 0 3.26633e-009 
0.01805 0 3.26633e-009 
7.45058e-010 0 0 
4
0.0171 0 0 
0.0171 0 -0.0177611 
-0.0019 0 -0.0177611 
-0.0019 0 0 
0 0 -0.0177611 
4
-0.0019 0 8.35896e-011 
0.0171 0 8.35896e-011 
0.0171 0 -0.0177611 
-0.0019 0 -0.0177611 
0 0 -0.0177611 
4
0.0171 0 1.67179e-010 
0.0171 0 -0.0177611 
-0.0019 0 -0.0177611 
-0.0019 0 1.67179e-010 
0 0 -0.0177611 
4
-0.0019 0 2.50769e-010 
0.0171 0 2.50769e-010 
0.0171 0 -0.0177611 
-0.0019 0 -0.0177611 
0 0 -0.0177611 
4
0.0171 0 3.34358e-010 
0.0171 0 -0.0177612 
-0.0019 0 -0.0177612 
-0.0019 0 3.34358e-010 
0 0 -0.0177612 
4
-0.0019 0 1.00079e-009 
0.0171 0 1.00079e-009 
0.0171 0 -0.0177614 
-0.0019 0 -0.0177614 
0 0 -0.0177614 
4
0.0171 0 2.83289e-009 
0.0171 0 -0.017761 
-0.0019 0 -0.017761 
-0.0019 0 2.83289e-009 
0 0 -0.017761 
4
-0.0019 0 2.33364e-009 
0.0171 0 2.33364e-009 
0.0171 0 -0.017761 
-0.0019 0 -0.017761 
0 0 -0.017761 
3
0 0 -0.012355 
-0.0019 0 -5.61619e-009 
0.0171 0 -5.61619e-009 
7.45058e-010 0 0 
4
0.01615 0 0 
0.01615 0 -0.0171222 
-0.00285 0 -0.0171222 
-0.00285 0 0 
0 0 -0.0171222 
4
-0.00285 0 -2.41113e-010 
0.01615 0 -2.41113e-010 
0.01615 0 -0.0171222 
-0.00285 0 -0.0171222 
0 0 -0.0171222 
4
0.01615 0 -4.82225e-010 
0.01615 0 -0.0171223 
-0.00285 0 -0.0171223 
-0.00285 0 -4.82225e-010 
0 0 -0.0171223 
4
-0.00285 0 1.72215e-009 
0.01615 0 1.72215e-009 
0.01615 0 -0.0171222 
-0.00285 0 -0.0171222 
0 0 -0.0171222 
4
0.01615 0 3.34368e-009 
0.01615 0 -0.0171222 
-0.00285 0 -0.0171222 
-0.00285 0 3.34368e-009 
0 0 -0.0171222 
4
-0.00285 0 -2.48537e-009 
0.01615 0 -2.48537e-009 
0.01615 0 -0.0171219 
-0.00285 0 -0.0171219 
0 0 -0.0171219 
4
0.01615 0 1.11294e-009 
0.01615 0 -0.017123 
-0.00285 0 -0.017123 
-0.00285 0 1.11294e-009 
0 0 -0.017123 
4
-0.00285 0 -5.34058e-011 
0.01615 0 -5.34058e-011 
0.01615 0 -0.017122 
-0.00285 0 -0.017122 
0 0 -0.017122 
3
0 0 -0.011911 
-0.00285 0 4.02451e-010 
0.01615 0 4.02451e-010 
7.45058e-010 0 0 
4
0.0152 0 0 
0.0152 0 -0.0164833 
-0.0038 0 -0.0164833 
-0.0038 0 0 
0 0 -0.0164833 
4
-0.0038 0 -5.65815e-010 
0.0152 0 -5.65815e-010 
0.0152 0 -0.0164834 
-0.0038 0 -0.0164834 
0 0 -0.0164834 
4
0.0152 0 -5.48792e-010 
0.0152 0 -0.0164833 
-0.0038 0 -0.0164833 
-0.0038 0 -5.48792e-010 
0 0 -0.0164833 
4
-0.0038 0 -1.11461e-009 
0.0152 0 -1.11461e-009 
0.0152 0 -0.0164833 
-0.0038 0 -0.0164833 
0 0 -0.0164833 
4
0.0152 0 2.04487e-009 
0.0152 0 -0.0164834 
-0.0038 0 -0.0164834 
-0.0038 0 2.04487e-009 
0 0 -0.0164834 
4
-0.0038 0 -1.6634e-009 
0.0152 0 -1.6634e-009 
0.0152 0 -0.0164833 
-0.0038 0 -0.0164833 
0 0 -0.0164833 
4
0.0152 0 -2.22921e-009 
0.0152 0 -0.016483 
-0.0038 0 -0.016483 
-0.0038 0 -2.22921e-009 
0 0 -0.016483 
4
-0.0038 0 -8.18253e-010 
0.0152 0 -8.18253e-010 
0.0152 0 -0.016484 
-0.0038 0 -0.016484 
0 0 -0.016484 
3
0 0 -0.011466 
-0.0038 0 6.42109e-009 
0.0152 0 6.42109e-009 
7.45058e-010 0 0 
4
0.01425 0 0 
0.01425 0 -0.0158444 
-0.00475 0 -0.0158444 
-0.00475 0 0 
0 0 -0.0158444 
4
-0.00475 0 -8.90517e-010 
0.01425 0 -8.90517e-010 
0.01425 0 -0.0158445 
-0.00475 0 -0.0158445 
0 0 -0.0158445 
4
0.01425 0 -1.1982e-009 
0.01425 0 -0.0158444 
-0.00475 0 -0.0158444 
-0.00475 0 -1.1982e-009 
0 0 -0.0158444 
4
-0.00475 0 -2.26068e-010 
0.01425 0 -2.26068e-010 
0.01425 0 -0.0158445 
-0.00475 0 -0.0158445 
0 0 -0.0158445 
4
0.01425 0 -2.39639e-009 
0.01425 0 -0.0158444 
-0.00475 0 -0.0158444 
-0.00475 0 -2.39639e-009 
0 0 -0.0158444 
4
-0.00475 0 2.30103e-009 
0.01425 0 2.30103e-009 
0.01425 0 -0.0158445 
-0.00475 0 -0.0158445 
0 0 -0.0158445 
4
0.01425 0 -3.59459e-009 
0.01425 0 -0.0158443 
-0.00475 0 -0.0158443 
-0.00475 0 -3.59459e-009 
0 0 -0.0158443 
4
-0.00475 0 -3.2053e-009 
0.01425 0 -3.2053e-009 
0.01425 0 -0.015845 
-0.00475 0 -0.015845 
0 0 -0.015845 
3
0 0 -0.011022 
-0.00475 0 -2.46143e-009 
0.01425 0 -2.46143e-009 
7.45058e-010 0 0 
4
0.0133 0 0 
0.0133 0 -0.0152056 
-0.0057 0 -0.0152056 
-0.0057 0 0 
0 0 -0.0152056 
4
-0.0057 0 2.98941e-010 
0.0133 0 2.98941e-010 
0.0133 0 -0.0152055 
-0.0057 0 -0.0152055 
0 0 -0.0152055 
4
0.0133 0 1.50442e-011 
0.0133 0 -0.0152056 
-0.0057 0 -0.0152056 
-0.0057 0 1.50442e-011 
0 0 -0.0152056 
4
-0.0057 0 1.24531e-009 
0.0133 0 1.24531e-009 
0.0133 0 -0.0152055 
-0.0057 0 -0.0152055 
0 0 -0.0152055 
4
0.0133 0 3.00884e-011 
0.0133 0 -0.0152056 
-0.0057 0 -0.0152056 
-0.0057 0 3.00884e-011 
0 0 -0.0152056 
4
-0.0057 0 3.123e-009 
0.0133 0 3.123e-009 
0.0133 0 -0.0152055 
-0.0057 0 -0.0152055 
0 0 -0.0152055 
4
0.0133 0 -1.81751e-009 
0.0133 0 -0.0152057 
-0.0057 0 -0.0152057 
-0.0057 0 -1.81751e-009 
0 0 -0.0152057 
4
-0.0057 0 1.85823e-009 
0.0133 0 1.85823e-009 
0.0133 0 -0.015205 
-0.0057 0 -0.015205 
0 0 -0.015205 
3
0 0 -0.010578 
-0.0057 0 -2.27118e-009 
0.0133 0 -2.27118e-009 
7.45058e-010 0 0 
4
0.01235 0 0 
0.01235 0 -0.0145667 
-0.00665 0 -0.0145667 
-0.00665 0 0 
0 0 -0.0145667 
4
-0.00665 0 -2.57611e-011 
0.01235 0 -2.57611e-011 
0.01235 0 -0.0145666 
-0.00665 0 -0.0145666 
0 0 -0.0145666 
4
0.01235 0 -6.3436e-010 
0.01235 0 -0.0145667 
-0.00665 0 -0.0145667 
-0.00665 0 -6.3436e-010 
0 0 -0.0145667 
4
-0.00665 0 -1.59144e-009 
0.01235 0 -1.59144e-009 
0.01235 0 -0.0145667 
-0.00665 0 -0.0145667 
0 0 -0.0145667 
4
0.01235 0 -6.85883e-010 
0.01235 0 -0.0145666 
-0.00665 0 -0.0145666 
-0.00665 0 -6.85883e-010 
0 0 -0.0145666 
4
-0.00665 0 -3.63159e-010 
0.01235 0 -3.63159e-010 
0.01235 0 -0.0145667 
-0.00665 0 -0.0145667 
0 0 -0.0145667 
4
0.01235 0 -3.18289e-009 
0.01235 0 -0.014567 
-0.00665 0 -0.014567 
-0.00665 0 -3.18289e-009 
0 0 -0.014567 
4
-0.00665 0 -5.28812e-010 
0.01235 0 -5.28812e-010 
0.01235 0 -0.014566 
-0.00665 0 -0.014566 
0 0 -0.014566 
3
0 0 -0.010134 
-0.00665 0 -3.70312e-009 
0.01235 0 -3.70312e-009 
7.45058e-010 0 0 
4
0.0114 0 0 
0.0114 0 -0.0139278 
-0.0076 0 -0.0139278 
-0.0076 0 0 
0 0 -0.0139278 
4
-0.0076 0 -3.50463e-010 
0.0114 0 -3.50463e-010 
0.0114 0 -0.0139278 
-0.0076 0 -0.0139278 
0 0 -0.0139278 
4
0.0114 0 -7.00927e-010 
0.0114 0 -0.0139277 
-0.0076 0 -0.0139277 
-0.0076 0 -7.00927e-010 
0 0 -0.0139277 
4
-0.0076 0 -7.02906e-010 
0.0114 0 -7.02906e-010 
0.0114 0 -0.0139278 
-0.0076 0 -0.0139278 
0 0 -0.0139278 
4
0.0114 0 1.7406e-009 
0.0114 0 -0.0139278 
-0.0076 0 -0.0139278 
-0.0076 0 1.7406e-009 
0 0 -0.0139278 
4
-0.0076 0 4.58813e-010 
0.0114 0 4.58813e-010 
0.0114 0 -0.0139278 
-0.0076 0 -0.0139278 
0 0 -0.0139278 
4
0.0114 0 2.90232e-009 
0.0114 0 -0.0139277 
-0.0076 0 -0.0139277 
-0.0076 0 2.90232e-009 
0 0 -0.0139277 
4
-0.0076 0 1.03769e-009 
0.0114 0 1.03769e-009 
0.0114 0 -0.0139276 
-0.0076 0 -0.0139276 
0 0 -0.0139276 
3
0 0 -0.009689 
-0.0076 0 2.31552e-009 
0.0114 0 2.31552e-009 
7.45058e-010 0 0 
4
0.01045 0 0 
0.01045 0 -0.0132889 
-0.00855 0 -0.0132889 
-0.00855 0 0 
0 0 -0.0132889 
4
-0.00855 0 2.56157e-010 
0.01045 0 2.56157e-010 
0.01045 0 -0.0132889 
-0.00855 0 -0.0132889 
0 0 -0.0132889 
4
0.01045 0 5.12314e-010 
0.01045 0 -0.0132889 
-0.00855 0 -0.0132889 
-0.00855 0 5.12314e-010 
0 0 -0.0132889 
4
-0.00855 0 7.68471e-010 
0.01045 0 7.68471e-010 
0.01045 0 -0.0132889 
-0.00855 0 -0.0132889 
0 0 -0.0132889 
4
0.01045 0 1.02463e-009 
0.01045 0 -0.0132888 
-0.00855 0 -0.0132888 
-0.00855 0 1.02463e-009 
0 0 -0.0132888 
4
-0.00855 0 -3.02734e-009 
0.01045 0 -3.02734e-009 
0.01045 0 -0.0132889 
-0.00855 0 -0.0132889 
0 0 -0.0132889 
4
0.01045 0 -2.77119e-009 
0.01045 0 -0.0132889 
-0.00855 0 -0.0132889 
-0.00855 0 -2.77119e-009 
0 0 -0.0132889 
4
-0.00855 0 -2.51503e-009 
0.01045 0 -2.51503e-009 
0.01045 0 -0.0132888 
-0.00855 0 -0.0132888 
0 0 -0.0132888 
3
0 0 -0.009245 
-0.00855 0 8.83579e-010 
0.01045 0 8.83579e-010 
7.45058e-010 0 0 
4
0.0095 0 0 
0.0095 0 -0.01265 
-0.0095 0 -0.01265 
-0.0095 0 0 
0 0 -0.01265 
4
-0.0095 0 -6.85453e-011 
0.0095 0 -6.85453e-011 
0.0095 0 -0.01265 
-0.0095 0 -0.01265 
0 0 -0.01265 
4
0.0095 0 -1.37091e-010 
0.0095 0 -0.01265 
-0.0095 0 -0.01265 
-0.0095 0 -1.37091e-010 
0 0 -0.01265 
4
-0.0095 0 1.65701e-009 
0.0095 0 1.65701e-009 
0.0095 0 -0.01265 
-0.0095 0 -0.01265 
0 0 -0.01265 
4
0.0095 0 -2.74181e-010 
0.0095 0 -0.01265 
-0.0095 0 -0.01265 
-0.0095 0 -2.74181e-010 
0 0 -0.01265 
4
-0.0095 0 -2.20537e-009 
0.0095 0 -2.20537e-009 
0.0095 0 -0.01265 
-0.0095 0 -0.01265 
0 0 -0.01265 
4
0.0095 0 3.31402e-009 
0.0095 0 -0.01265 
-0.0095 0 -0.01265 
-0.0095 0 3.31402e-009 
0 0 -0.01265 
4
-0.0095 0 1.38283e-009 
0.0095 0 1.38283e-009 
0.0095 0 -0.01265 
-0.0095 0 -0.01265 
0 0 -0.01265 
3
0 0 -0.0088 
-0.0095 0 -5.48363e-010 
0.0095 0 -5.48363e-010 
4.47035e-010 0 0 
4
-0.008 0 0 
0.008 0 0 
0.008 0 -0.01035 
-0.008 0 -0.01035 
0 0 -0.01035 
4
0.008 0 1.13249e-010 
0.008 0 -0.01035 
-0.008 0 -0.01035 
-0.008 0 1.13249e-010 
0 0 -0.01035 
4
-0.008 0 2.26498e-010 
0.008 0 2.26498e-010 
0.008 0 -0.01035 
-0.008 0 -0.01035 
0 0 -0.01035 
4
0.008 0 3.39746e-010 
0.008 0 -0.01035 
-0.008 0 -0.01035 
-0.008 0 3.39746e-010 
0 0 -0.01035 
4
-0.008 0 4.52995e-010 
0.008 0 4.52995e-010 
0.008 0 -0.01035 
-0.008 0 -0.01035 
0 0 -0.01035 
4
0.008 0 5.66244e-010 
0.008 0 -0.01035 
-0.008 0 -0.01035 
-0.008 0 5.66244e-010 
0 0 -0.01035 
4
-0.008 0 6.79493e-010 
0.008 0 6.79493e-010 
0.008 0 -0.01035 
-0.008 0 -0.01035 
0 0 -0.01035 
4
0.008 0 -2.93255e-009 
0.008 0 -0.01035 
-0.008 0 -0.01035 
-0.008 0 -2.93255e-009 
0 0 -0.01035 
3
0 0 -0.0072 
-0.008 0 9.05991e-010 
0.008 0 9.05991e-010 
0.00571429 0 0 
4
-0.008 0 0 
0.008 0 0 
0.008 0 -0.0106786 
-0.008 0 -0.0106786 
0 0 -0.0106786 
4
0.008 0 -4.11427e-010 
0.008 0 -0.0106785 
-0.008 0 -0.0106785 
-0.008 0 -4.11427e-010 
0 0 -0.0106785 
4
-0.008 0 4.56953e-010 
0.008 0 4.56953e-010 
0.008 0 -0.0106786 
-0.008 0 -0.0106786 
0 0 -0.0106786 
4
0.008 0 9.76849e-010 
0.008 0 -0.0106786 
-0.008 0 -0.0106786 
-0.008 0 9.76849e-010 
0 0 -0.0106786 
4
-0.008 0 1.49674e-009 
0.008 0 1.49674e-009 
0.008 0 -0.0106786 
-0.008 0 -0.0106786 
0 0 -0.0106786 
4
0.008 0 -1.70865e-009 
0.008 0 -0.0106785 
-0.008 0 -0.0106785 
-0.008 0 -1.70865e-009 
0 0 -0.0106785 
4
-0.008 0 1.9537e-009 
0.008 0 1.9537e-009 
0.008 0 -0.0106786 
-0.008 0 -0.0106786 
0 0 -0.0106786 
4
0.008 0 -1.2517e-009 
0.008 0 -0.0106786 
-0.008 0 -0.0106786 
-0.008 0 -1.2517e-009 
0 0 -0.0106786 
3
0 0 -0.0074285 
-0.008 0 2.99349e-009 
0.008 0 2.99349e-009 
0.0114286 0 0 
4
-0.008 0 0 
0.008 0 0 
0.008 0 -0.0110071 
-0.008 0 -0.0110071 
0 0 -0.0110071 
4
0.008 0 3.43704e-010 
0.008 0 -0.0110072 
-0.008 0 -0.0110072 
-0.008 0 3.43704e-010 
0 0 -0.0110072 
4
-0.008 0 -5.92399e-010 
0.008 0 -5.92399e-010 
0.008 0 -0.0110071 
-0.008 0 -0.0110071 
0 0 -0.0110071 
4
0.008 0 1.61395e-009 
0.008 0 -0.0110072 
-0.008 0 -0.0110072 
-0.008 0 1.61395e-009 
0 0 -0.0110072 
4
-0.008 0 -1.1848e-009 
0.008 0 -1.1848e-009 
0.008 0 -0.0110071 
-0.008 0 -0.0110071 
0 0 -0.0110071 
4
0.008 0 -8.41093e-010 
0.008 0 -0.0110072 
-0.008 0 -0.0110072 
-0.008 0 -8.41093e-010 
0 0 -0.0110072 
4
-0.008 0 8.54492e-011 
0.008 0 8.54492e-011 
0.008 0 -0.0110071 
-0.008 0 -0.0110071 
0 0 -0.0110071 
4
0.008 0 4.29153e-010 
0.008 0 -0.0110072 
-0.008 0 -0.0110072 
-0.008 0 4.29153e-010 
0 0 -0.0110072 
3
0 0 -0.0076571 
-0.008 0 -2.36959e-009 
0.008 0 -2.36959e-009 
0.0171429 0 0 
4
-0.008 0 0 
0.008 0 0 
0.008 0 -0.0113357 
-0.008 0 -0.0113357 
0 0 -0.0113357 
4
0.008 0 -1.80972e-010 
0.008 0 -0.0113357 
-0.008 0 -0.0113357 
-0.008 0 -1.80972e-010 
0 0 -0.0113357 
4
-0.008 0 -3.61943e-010 
0.008 0 -3.61943e-010 
0.008 0 -0.0113357 
-0.008 0 -0.0113357 
0 0 -0.0113357 
4
0.008 0 -1.47424e-009 
0.008 0 -0.0113358 
-0.008 0 -0.0113358 
-0.008 0 -1.47424e-009 
0 0 -0.0113358 
4
-0.008 0 -1.41048e-010 
0.008 0 -1.41048e-010 
0.008 0 -0.0113357 
-0.008 0 -0.0113357 
0 0 -0.0113357 
4
0.008 0 6.09303e-010 
0.008 0 -0.0113357 
-0.008 0 -0.0113357 
-0.008 0 6.09303e-010 
0 0 -0.0113357 
4
-0.008 0 1.35965e-009 
0.008 0 1.35965e-009 
0.008 0 -0.0113357 
-0.008 0 -0.0113357 
0 0 -0.0113357 
4
0.008 0 2.11e-009 
0.008 0 -0.0113357 
-0.008 0 -0.0113357 
-0.008 0 2.11e-009 
0 0 -0.0113357 
3
0 0 -0.0078857 
-0.008 0 2.86036e-009 
0.008 0 2.86036e-009 
0.0228571 0 0 
4
-0.008 0 0 
0.008 0 0 
0.008 0 -0.0116643 
-0.008 0 -0.0116643 
0 0 -0.0116643 
4
0.008 0 2.25675e-010 
0.008 0 -0.0116643 
-0.008 0 -0.0116643 
-0.008 0 2.25675e-010 
0 0 -0.0116643 
4
-0.008 0 4.5135e-010 
0.008 0 4.5135e-010 
0.008 0 -0.0116643 
-0.008 0 -0.0116643 
0 0 -0.0116643 
4
0.008 0 -2.54297e-010 
0.008 0 -0.0116642 
-0.008 0 -0.0116642 
-0.008 0 -2.54297e-010 
0 0 -0.0116642 
4
-0.008 0 3.19862e-010 
0.008 0 3.19862e-010 
0.008 0 -0.0116643 
-0.008 0 -0.0116643 
0 0 -0.0116643 
4
0.008 0 1.47686e-009 
0.008 0 -0.0116643 
-0.008 0 -0.0116643 
-0.008 0 1.47686e-009 
0 0 -0.0116643 
4
-0.008 0 2.63386e-009 
0.008 0 2.63386e-009 
0.008 0 -0.0116643 
-0.008 0 -0.0116643 
0 0 -0.0116643 
4
0.008 0 -3.65973e-009 
0.008 0 -0.0116643 
-0.008 0 -0.0116643 
-0.008 0 -3.65973e-009 
0 0 -0.0116643 
3
0 0 -0.0081147 
-0.008 0 -2.50273e-009 
0.008 0 -2.50273e-009 
0.0285714 0 0 
4
-0.008 0 0 
0.008 0 0 
0.008 0 -0.0119929 
-0.008 0 -0.0119929 
0 0 -0.0119929 
4
0.008 0 -2.99001e-010 
0.008 0 -0.0119928 
-0.008 0 -0.0119928 
-0.008 0 -2.99001e-010 
0 0 -0.0119928 
4
-0.008 0 6.81806e-010 
0.008 0 6.81806e-010 
0.008 0 -0.0119929 
-0.008 0 -0.0119929 
0 0 -0.0119929 
4
0.008 0 3.82805e-010 
0.008 0 -0.0119928 
-0.008 0 -0.0119928 
-0.008 0 3.82805e-010 
0 0 -0.0119928 
4
-0.008 0 1.36361e-009 
0.008 0 1.36361e-009 
0.008 0 -0.0119929 
-0.008 0 -0.0119929 
0 0 -0.0119929 
4
0.008 0 -7.98035e-010 
0.008 0 -0.0119928 
-0.008 0 -0.0119928 
-0.008 0 -7.98035e-010 
0 0 -0.0119928 
4
-0.008 0 -3.54252e-009 
0.008 0 -3.54252e-009 
0.008 0 -0.0119929 
-0.008 0 -0.0119929 
0 0 -0.0119929 
4
0.008 0 -1.97887e-009 
0.008 0 -0.0119929 
-0.008 0 -0.0119929 
-0.008 0 -1.97887e-009 
0 0 -0.0119929 
3
0 0 -0.0083431 
-0.008 0 -4.1523e-010 
0.008 0 -4.1523e-010 
0.0342857 0 0 
4
-0.008 0 0 
0.008 0 0 
0.008 0 -0.0123214 
-0.008 0 -0.0123214 
0 0 -0.0123214 
4
0.008 0 4.56131e-010 
0.008 0 -0.0123215 
-0.008 0 -0.0123215 
-0.008 0 4.56131e-010 
0 0 -0.0123215 
4
-0.008 0 -3.67546e-010 
0.008 0 -3.67546e-010 
0.008 0 -0.0123214 
-0.008 0 -0.0123214 
0 0 -0.0123214 
4
0.008 0 1.01991e-009 
0.008 0 -0.0123214 
-0.008 0 -0.0123214 
-0.008 0 1.01991e-009 
0 0 -0.0123214 
4
-0.008 0 -1.31793e-009 
0.008 0 -1.31793e-009 
0.008 0 -0.0123214 
-0.008 0 -0.0123214 
0 0 -0.0123214 
4
0.008 0 6.95229e-011 
0.008 0 -0.0123215 
-0.008 0 -0.0123215 
-0.008 0 6.95229e-011 
0 0 -0.0123215 
4
-0.008 0 2.03981e-009 
0.008 0 2.03981e-009 
0.008 0 -0.0123214 
-0.008 0 -0.0123214 
0 0 -0.0123214 
4
0.008 0 -2.98023e-010 
0.008 0 -0.0123214 
-0.008 0 -0.0123214 
-0.008 0 -2.98023e-010 
0 0 -0.0123214 
3
0 0 -0.0085716 
-0.008 0 -2.63586e-009 
0.008 0 -2.63586e-009 
0.04 0 0 
4
-0.008 0 0 
0.008 0 0 
0.008 0 -0.01265 
-0.008 0 -0.01265 
0 0 -0.01265 
4
0.008 0 -6.85453e-011 
0.008 0 -0.01265 
-0.008 0 -0.01265 
-0.008 0 -6.85453e-011 
0 0 -0.01265 
4
-0.008 0 -1.37091e-010 
0.008 0 -1.37091e-010 
0.008 0 -0.01265 
-0.008 0 -0.01265 
0 0 -0.01265 
4
0.008 0 1.65701e-009 
0.008 0 -0.01265 
-0.008 0 -0.01265 
-0.008 0 1.65701e-009 
0 0 -0.01265 
4
-0.008 0 -2.74181e-010 
0.008 0 -2.74181e-010 
0.008 0 -0.01265 
-0.008 0 -0.01265 
0 0 -0.01265 
4
0.008 0 -2.20537e-009 
0.008 0 -0.01265 
-0.008 0 -0.01265 
-0.008 0 -2.20537e-009 
0 0 -0.01265 
4
-0.008 0 3.31402e-009 
0.008 0 3.31402e-009 
0.008 0 -0.01265 
-0.008 0 -0.01265 
0 0 -0.01265 
4
0.008 0 1.38283e-009 
0.008 0 -0.01265 
-0.008 0 -0.01265 
-0.008 0 1.38283e-009 
0 0 -0.01265 
3
0 0 -0.0088 
-0.008 0 -5.48363e-010 
0.008 0 -5.48363e-010 
-0.04 0 0 
4
0.008 0 0 
0.008 0 -0.01265 
-0.008 0 -0.01265 
-0.008 0 0 
0 0 -0.01265 
4
-0.008 0 -6.85453e-011 
0.008 0 -6.85453e-011 
0.008 0 -0.01265 
-0.008 0 -0.01265 
0 0 -0.01265 
4
0.008 0 -1.37091e-010 
0.008 0 -0.01265 
-0.008 0 -0.01265 
-0.008 0 -1.37091e-010 
0 0 -0.01265 
4
-0.008 0 1.65701e-009 
0.008 0 1.65701e-009 
0.008 0 -0.01265 
-0.008 0 -0.01265 
0 0 -0.01265 
4
0.008 0 -2.74181e-010 
0.008 0 -0.01265 
-0.008 0 -0.01265 
-0.008 0 -2.74181e-010 
0 0 -0.01265 
4
-0.008 0 -2.20537e-009 
0.008 0 -2.20537e-009 
0.008 0 -0.01265 
-0.008 0 -0.01265 
0 0 -0.01265 
4
0.008 0 3.31402e-009 
0.008 0 -0.01265 
-0.008 0 -0.01265 
-0.008 0 3.31402e-009 
0 0 -0.01265 
4
-0.008 0 1.38283e-009 
0.008 0 1.38283e-009 
0.008 0 -0.01265 
-0.008 0 -0.01265 
0 0 -0.01265 
3
0 0 -0.0088 
-0.008 0 -5.48363e-010 
0.008 0 -5.48363e-010 
-0.0342857 0 0 
4
0.008 0 0 
0.008 0 -0.0123214 
-0.008 0 -0.0123214 
-0.008 0 0 
0 0 -0.0123214 
4
-0.008 0 4.56131e-010 
0.008 0 4.56131e-010 
0.008 0 -0.0123215 
-0.008 0 -0.0123215 
0 0 -0.0123215 
4
0.008 0 -3.67546e-010 
0.008 0 -0.0123214 
-0.008 0 -0.0123214 
-0.008 0 -3.67546e-010 
0 0 -0.0123214 
4
-0.008 0 1.01991e-009 
0.008 0 1.01991e-009 
0.008 0 -0.0123214 
-0.008 0 -0.0123214 
0 0 -0.0123214 
4
0.008 0 -1.31793e-009 
0.008 0 -0.0123214 
-0.008 0 -0.0123214 
-0.008 0 -1.31793e-009 
0 0 -0.0123214 
4
-0.008 0 6.95229e-011 
0.008 0 6.95229e-011 
0.008 0 -0.0123215 
-0.008 0 -0.0123215 
0 0 -0.0123215 
4
0.008 0 2.03981e-009 
0.008 0 -0.0123214 
-0.008 0 -0.0123214 
-0.008 0 2.03981e-009 
0 0 -0.0123214 
4
-0.008 0 -2.98023e-010 
0.008 0 -2.98023e-010 
0.008 0 -0.0123214 
-0.008 0 -0.0123214 
0 0 -0.0123214 
3
0 0 -0.0085716 
-0.008 0 -2.63586e-009 
0.008 0 -2.63586e-009 
-0.0285714 0 0 
4
0.008 0 0 
0.008 0 -0.0119929 
-0.008 0 -0.0119929 
-0.008 0 0 
0 0 -0.0119929 
4
-0.008 0 -2.99001e-010 
0.008 0 -2.99001e-010 
0.008 0 -0.0119928 
-0.008 0 -0.0119928 
0 0 -0.0119928 
4
0.008 0 6.81806e-010 
0.008 0 -0.0119929 
-0.008 0 -0.0119929 
-0.008 0 6.81806e-010 
0 0 -0.0119929 
4
-0.008 0 3.82805e-010 
0.008 0 3.82805e-010 
0.008 0 -0.0119928 
-0.008 0 -0.0119928 
0 0 -0.0119928 
4
0.008 0 1.36361e-009 
0.008 0 -0.0119929 
-0.008 0 -0.0119929 
-0.008 0 1.36361e-009 
0 0 -0.0119929 
4
-0.008 0 -7.98035e-010 
0.008 0 -7.98035e-010 
0.008 0 -0.0119928 
-0.008 0 -0.0119928 
0 0 -0.0119928 
4
0.008 0 -3.54252e-009 
0.008 0 -0.0119929 
-0.008 0 -0.0119929 
-0.008 0 -3.54252e-009 
0 0 -0.0119929 
4
-0.008 0 -1.97887e-009 
0.008 0 -1.97887e-009 
0.008 0 -0.0119929 
-0.008 0 -0.0119929 
0 0 -0.0119929 
3
0 0 -0.0083431 
-0.008 0 -4.1523e-010 
0.008 0 -4.1523e-010 
-0.0228571 0 0 
4
0.008 0 0 
0.008 0 -0.0116643 
-0.008 0 -0.0116643 
-0.008 0 0 
0 0 -0.0116643 
4
-0.008 0 2.25675e-010 
0.008 0 2.25675e-010 
0.008 0 -0.0116643 
-0.008 0 -0.0116643 
0 0 -0.0116643 
4
0.008 0 4.5135e-010 
0.008 0 -0.0116643 
-0.008 0 -0.0116643 
-0.008 0 4.5135e-010 
0 0 -0.0116643 
4
-0.008 0 -2.54297e-010 
0.008 0 -2.54297e-010 
0.008 0 -0.0116642 
-0.008 0 -0.0116642 
0 0 -0.0116642 
4
0.008 0 3.19862e-010 
0.008 0 -0.0116643 
-0.008 0 -0.0116643 
-0.008 0 3.19862e-010 
0 0 -0.0116643 
4
-0.008 0 1.47686e-009 
0.008 0 1.47686e-009 
0.008 0 -0.0116643 
-0.008 0 -0.0116643 
0 0 -0.0116643 
4
0.008 0 2.63386e-009 
0.008 0 -0.0116643 
-0.008 0 -0.0116643 
-0.008 0 2.63386e-009 
0 0 -0.0116643 
4
-0.008 0 -3.65973e-009 
0.008 0 -3.65973e-009 
0.008 0 -0.0116643 
-0.008 0 -0.0116643 
0 0 -0.0116643 
3
0 0 -0.0081147 
-0.008 0 -2.50273e-009 
0.008 0 -2.50273e-009 
-0.0171429 0 0 
4
0.008 0 0 
0.008 0 -0.0113357 
-0.008 0 -0.0113357 
-0.008 0 0 
0 0 -0.0113357 
4
-0.008 0 -1.80972e-010 
0.008 0 -1.80972e-010 
0.008 0 -0.0113357 
-0.008 0 -0.0113357 
0 0 -0.0113357 
4
0.008 0 -3.61943e-010 
0.008 0 -0.0113357 
-0.008 0 -0.0113357 
-0.008 0 -3.61943e-010 
0 0 -0.0113357 
4
-0.008 0 -1.47424e-009 
0.008 0 -1.47424e-009 
0.008 0 -0.0113358 
-0.008 0 -0.0113358 
0 0 -0.0113358 
4
0.008 0 -1.41048e-010 
0.008 0 -0.0113357 
-0.008 0 -0.0113357 
-0.008 0 -1.41048e-010 
0 0 -0.0113357 
4
-0.008 0 6.09303e-010 
0.008 0 6.09303e-010 
0.008 0 -0.0113357 
-0.008 0 -0.0113357 
0 0 -0.0113357 
4
0.008 0 1.35965e-009 
0.008 0 -0.0113357 
-0.008 0 -0.0113357 
-0.008 0 1.35965e-009 
0 0 -0.0113357 
4
-0.008 0 2.11e-009 
0.008 0 2.11e-009 
0.008 0 -0.0113357 
-0.008 0 -0.0113357 
0 0 -0.0113357 
3
0 0 -0.0078857 
-0.008 0 2.86036e-009 
0.008 0 2.86036e-009 
-0.0114286 0 0 
4
0.008 0 0 
0.008 0 -0.0110071 
-0.008 0 -0.0110071 
-0.008 0 0 
0 0 -0.0110071 
4
-0.008 0 3.43704e-010 
0.008 0 3.43704e-010 
0.008 0 -0.0110072 
-0.008 0 -0.0110072 
0 0 -0.0110072 
4
0.008 0 -5.92399e-010 
0.008 0 -0.0110071 
-0.008 0 -0.0110071 
-0.008 0 -5.92399e-010 
0 0 -0.0110071 
4
-0.008 0 1.61395e-009 
0.008 0 1.61395e-009 
0.008 0 -0.0110072 
-0.008 0 -0.0110072 
0 0 -0.0110072 
4
0.008 0 -1.1848e-009 
0.008 0 -0.0110071 
-0.008 0 -0.0110071 
-0.008 0 -1.1848e-009 
0 0 -0.0110071 
4
-0.008 0 -8.41093e-010 
0.008 0 -8.41093e-010 
0.008 0 -0.0110072 
-0.008 0 -0.0110072 
0 0 -0.0110072 
4
0.008 0 8.54492e-011 
0.008 0 -0.0110071 
-0.008 0 -0.0110071 
-0.008 0 8.54492e-011 
0 0 -0.0110071 
4
-0.008 0 4.29153e-010 
0.008 0 4.29153e-010 
0.008 0 -0.0110071 
-0.008 0 -0.0110071 
0 0 -0.0110071 
3
0 0 -0.0076572 
-0.008 0 7.72858e-010 
0.008 0 7.72858e-010 
-0.00571429 0 0 
4
0.008 0 0 
0.008 0 -0.0106786 
-0.008 0 -0.0106786 
-0.008 0 0 
0 0 -0.0106786 
4
-0.008 0 -4.11427e-010 
0.008 0 -4.11427e-010 
0.008 0 -0.0106785 
-0.008 0 -0.0106785 
0 0 -0.0106785 
4
0.008 0 4.56953e-010 
0.008 0 -0.0106786 
-0.008 0 -0.0106786 
-0.008 0 4.56953e-010 
0 0 -0.0106786 
4
-0.008 0 9.76849e-010 
0.008 0 9.76849e-010 
0.008 0 -0.0106786 
-0.008 0 -0.0106786 
0 0 -0.0106786 
4
0.008 0 1.49674e-009 
0.008 0 -0.0106786 
-0.008 0 -0.0106786 
-0.008 0 1.49674e-009 
0 0 -0.0106786 
4
-0.008 0 -1.70865e-009 
0.008 0 -1.70865e-009 
0.008 0 -0.0106785 
-0.008 0 -0.0106785 
0 0 -0.0106785 
4
0.008 0 1.9537e-009 
0.008 0 -0.0106786 
-0.008 0 -0.0106786 
-0.008 0 1.9537e-009 
0 0 -0.0106786 
4
-0.008 0 -1.2517e-009 
0.008 0 -1.2517e-009 
0.008 0 -0.0106786 
-0.008 0 -0.0106786 
0 0 -0.0106786 
3
0 0 -0.0074285 
-0.008 0 2.99349e-009 
0.008 0 2.99349e-009 
-4.47035e-010 0 0 
4
0.008 0 0 
0.008 0 -0.01035 
-0.008 0 -0.01035 
-0.008 0 0 
0 0 -0.01035 
4
-0.008 0 1.13249e-010 
0.008 0 1.13249e-010 
0.008 0 -0.01035 
-0.008 0 -0.01035 
0 0 -0.01035 
4
0.008 0 2.26498e-010 
0.008 0 -0.01035 
-0.008 0 -0.01035 
-0.008 0 2.26498e-010 
0 0 -0.01035 
4
-0.008 0 3.39746e-010 
0.008 0 3.39746e-010 
0.008 0 -0.01035 
-0.008 0 -0.01035 
0 0 -0.01035 
4
0.008 0 4.52995e-010 
0.008 0 -0.01035 
-0.008 0 -0.01035 
-0.008 0 4.52995e-010 
0 0 -0.01035 
4
-0.008 0 5.66244e-010 
0.008 0 5.66244e-010 
0.008 0 -0.01035 
-0.008 0 -0.01035 
0 0 -0.01035 
4
0.008 0 6.79493e-010 
0.008 0 -0.01035 
-0.008 0 -0.01035 
-0.008 0 6.79493e-010 
0 0 -0.01035 
4
-0.008 0 -2.93255e-009 
0.008 0 -2.93255e-009 
0.008 0 -0.01035 
-0.008 0 -0.01035 
0 0 -0.01035 
3
0 0 -0.0072 
-0.008 0 9.05991e-010 
0.008 0 9.05991e-010 
0 0 -0.06 
4
-0.0085 0 0 
0.0085 0 0 
0.0085 0 -0.0115 
-0.0085 0 -0.0115 
0 0 -0.0115 
4
0.0085 0 2.23517e-011 
0.0085 0 -0.0115 
-0.0085 0 -0.0115 
-0.0085 0 2.23517e-011 
0 0 -0.0115 
4
-0.0085 0 4.47035e-011 
0.0085 0 4.47035e-011 
0.0085 0 -0.0115 
-0.0085 0 -0.0115 
0 0 -0.0115 
4
0.0085 0 -8.64267e-010 
0.0085 0 -0.0115 
-0.0085 0 -0.0115 
-0.0085 0 -8.64267e-010 
0 0 -0.0115 
4
-0.0085 0 8.9407e-011 
0.0085 0 8.9407e-011 
0.0085 0 -0.0115 
-0.0085 0 -0.0115 
0 0 -0.0115 
4
0.0085 0 1.04308e-009 
0.0085 0 -0.0115 
-0.0085 0 -0.0115 
-0.0085 0 1.04308e-009 
0 0 -0.0115 
4
-0.0085 0 -1.72853e-009 
0.0085 0 -1.72853e-009 
0.0085 0 -0.0115 
-0.0085 0 -0.0115 
0 0 -0.0115 
4
0.0085 0 -7.7486e-010 
0.0085 0 -0.0115 
-0.0085 0 -0.0115 
-0.0085 0 -7.7486e-010 
0 0 -0.0115 
3
0 0 -0.008 
-0.0085 0 1.78814e-010 
0.0085 0 1.78814e-010 
0 0 -0.06 
4
-0.0085 0 0 
0.0085 0 0 
0.0085 0 -0.0115 
-0.0085 0 -0.0115 
0 0 -0.0115 
4
0.0085 0 2.23517e-011 
0.0085 0 -0.0115 
-0.0085 0 -0.0115 
-0.0085 0 2.23517e-011 
0 0 -0.0115 
4
-0.0085 0 4.47035e-011 
0.0085 0 4.47035e-011 
0.0085 0 -0.0115 
-0.0085 0 -0.0115 
0 0 -0.0115 
4
0.0085 0 -8.64267e-010 
0.0085 0 -0.0115 
-0.0085 0 -0.0115 
-0.0085 0 -8.64267e-010 
0 0 -0.0115 
4
-0.0085 0 8.9407e-011 
0.0085 0 8.9407e-011 
0.0085 0 -0.0115 
-0.0085 0 -0.0115 
0 0 -0.0115 
4
0.0085 0 1.04308e-009 
0.0085 0 -0.0115 
-0.0085 0 -0.0115 
-0.0085 0 1.04308e-009 
0 0 -0.0115 
4
-0.0085 0 -1.72853e-009 
0.0085 0 -1.72853e-009 
0.0085 0 -0.0115 
-0.0085 0 -0.0115 
0 0 -0.0115 
4
0.0085 0 -7.7486e-010 
0.0085 0 -0.0115 
-0.0085 0 -0.0115 
-0.0085 0 -7.7486e-010 
0 0 -0.0115 
3
0 0 -0.008 
-0.0085 0 1.78814e-010 
0.0085 0 1.78814e-010 
0 0 -0.06 
4
-0.0085 0 0 
0.0085 0 0 
0.0085 0 -0.0115 
-0.0085 0 -0.0115 
0 0 -0.0115 
4
0.0085 0 2.23517e-011 
0.0085 0 -0.0115 
-0.0085 0 -0.0115 
-0.0085 0 2.23517e-011 
0 0 -0.0115 
4
-0.0085 0 4.47035e-011 
0.0085 0 4.47035e-011 
0.0085 0 -0.0115 
-0.0085 0 -0.0115 
0 0 -0.0115 
4
0.0085 0 -8.64267e-010 
0.0085 0 -0.0115 
-0.0085 0 -0.0115 
-0.0085 0 -8.64267e-010 
0 0 -0.0115 
4
-0.0085 0 8.9407e-011 
0.0085 0 8.9407e-011 
0.0085 0 -0.0115 
-0.0085 0 -0.0115 
0 0 -0.0115 
4
0.0085 0 1.04308e-009 
0.0085 0 -0.0115 
-0.0085 0 -0.0115 
-0.0085 0 1.04308e-009 
0 0 -0.0115 
4
-0.0085 0 -1.72853e-009 
0.0085 0 -1.72853e-009 
0.0085 0 -0.0115 
-0.0085 0 -0.0115 
0 0 -0.0115 
4
0.0085 0 -7.7486e-010 
0.0085 0 -0.0115 
-0.0085 0 -0.0115 
-0.0085 0 -7.7486e-010 
0 0 -0.0115 
3
0 0 -0.008 
-0.0085 0 1.78814e-010 
0.0085 0 1.78814e-010 
0 0 -0.06 
4
-0.0085 0 0 
0.0085 0 0 
0.0085 0 -0.0115 
-0.0085 0 -0.0115 
0 0 -0.0115 
4
0.0085 0 2.23517e-011 
0.0085 0 -0.0115 
-0.0085 0 -0.0115 
-0.0085 0 2.23517e-011 
0 0 -0.0115 
4
-0.0085 0 4.47035e-011 
0.0085 0 4.47035e-011 
0.0085 0 -0.0115 
-0.0085 0 -0.0115 
0 0 -0.0115 
4
0.0085 0 -8.64267e-010 
0.0085 0 -0.0115 
-0.0085 0 -0.0115 
-0.0085 0 -8.64267e-010 
0 0 -0.0115 
4
-0.0085 0 8.9407e-011 
0.0085 0 8.9407e-011 
0.0085 0 -0.0115 
-0.0085 0 -0.0115 
0 0 -0.0115 
4
0.0085 0 1.04308e-009 
0.0085 0 -0.0115 
-0.0085 0 -0.0115 
-0.0085 0 1.04308e-009 
0 0 -0.0115 
4
-0.0085 0 -1.72853e-009 
0.0085 0 -1.72853e-009 
0.0085 0 -0.0115 
-0.0085 0 -0.0115 
0 0 -0.0115 
4
0.0085 0 -7.7486e-010 
0.0085 0 -0.0115 
-0.0085 0 -0.0115 
-0.0085 0 -7.7486e-010 
0 0 -0.0115 
3
0 0 -0.008 
-0.0085 0 1.78814e-010 
0.0085 0 1.78814e-010 
0 0 -0.06 
4
-0.0085 0 0 
0.0085 0 0 
0.0085 0 -0.0115 
-0.0085 0 -0.0115 
0 0 -0.0115 
4
0.0085 0 2.23517e-011 
0.0085 0 -0.0115 
-0.0085 0 -0.0115 
-0.0085 0 2.23517e-011 
0 0 -0.0115 
4
-0.0085 0 4.47035e-011 
0.0085 0 4.47035e-011 
0.0085 0 -0.0115 
-0.0085 0 -0.0115 
0 0 -0.0115 
4
0.0085 0 -8.64267e-010 
0.0085 0 -0.0115 
-0.0085 0 -0.0115 
-0.0085 0 -8.64267e-010 
0 0 -0.0115 
4
-0.0085 0 8.9407e-011 
0.0085 0 8.9407e-011 
0.0085 0 -0.0115 
-0.0085 0 -0.0115 
0 0 -0.0115 
4
0.0085 0 1.04308e-009 
0.0085 0 -0.0115 
-0.0085 0 -0.0115 
-0.0085 0 1.04308e-009 
0 0 -0.0115 
4
-0.0085 0 -1.72853e-009 
0.0085 0 -1.72853e-009 
0.0085 0 -0.0115 
-0.0085 0 -0.0115 
0 0 -0.0115 
4
0.0085 0 -7.7486e-010 
0.0085 0 -0.0115 
-0.0085 0 -0.0115 
-0.0085 0 -7.7486e-010 
0 0 -0.0115 
3
0 0 -0.008 
-0.0085 0 1.78814e-010 
0.0085 0 1.78814e-010 
0 0 -0.06 
4
-0.0085 0 0 
0.0085 0 0 
0.0085 0 -0.0115 
-0.0085 0 -0.0115 
0 0 -0.0115 
4
0.0085 0 2.23517e-011 
0.0085 0 -0.0115 
-0.0085 0 -0.0115 
-0.0085 0 2.23517e-011 
0 0 -0.0115 
4
-0.0085 0 4.47035e-011 
0.0085 0 4.47035e-011 
0.0085 0 -0.0115 
-0.0085 0 -0.0115 
0 0 -0.0115 
4
0.0085 0 -8.64267e-010 
0.0085 0 -0.0115 
-0.0085 0 -0.0115 
-0.0085 0 -8.64267e-010 
0 0 -0.0115 
4
-0.0085 0 8.9407e-011 
0.0085 0 8.9407e-011 
0.0085 0 -0.0115 
-0.0085 0 -0.0115 
0 0 -0.0115 
4
0.0085 0 1.04308e-009 
0.0085 0 -0.0115 
-0.0085 0 -0.0115 
-0.0085 0 1.04308e-009 
0 0 -0.0115 
4
-0.0085 0 -1.72853e-009 
0.0085 0 -1.72853e-009 
0.0085 0 -0.0115 
-0.0085 0 -0.0115 
0 0 -0.0115 
4
0.0085 0 -7.7486e-010 
0.0085 0 -0.0115 
-0.0085 0 -0.0115 
-0.0085 0 -7.7486e-010 
0 0 -0.0115 
3
0 0 -0.008 
-0.0085 0 1.78814e-010 
0.0085 0 1.78814e-010 
0 0 -0.06 
4
0.0085 0 0 
0.0085 0 -0.0115 
-0.0085 0 -0.0115 
-0.0085 0 0 
0 0 -0.0115 
4
-0.0085 0 2.23517e-011 
0.0085 0 2.23517e-011 
0.0085 0 -0.0115 
-0.0085 0 -0.0115 
0 0 -0.0115 
4
0.0085 0 4.47035e-011 
0.0085 0 -0.0115 
-0.0085 0 -0.0115 
-0.0085 0 4.47035e-011 
0 0 -0.0115 
4
-0.0085 0 -8.64267e-010 
0.0085 0 -8.64267e-010 
0.0085 0 -0.0115 
-0.0085 0 -0.0115 
0 0 -0.0115 
4
0.0085 0 8.9407e-011 
0.0085 0 -0.0115 
-0.0085 0 -0.0115 
-0.0085 0 8.9407e-011 
0 0 -0.0115 
4
-0.0085 0 1.04308e-009 
0.0085 0 1.04308e-009 
0.0085 0 -0.0115 
-0.0085 0 -0.0115 
0 0 -0.0115 
4
0.0085 0 -1.72853e-009 
0.0085 0 -0.0115 
-0.0085 0 -0.0115 
-0.0085 0 -1.72853e-009 
0 0 -0.0115 
4
-0.0085 0 -7.7486e-010 
0.0085 0 -7.7486e-010 
0.0085 0 -0.0115 
-0.0085 0 -0.0115 
0 0 -0.0115 
3
0 0 -0.008 
-0.0085 0 1.78814e-010 
0.0085 0 1.78814e-010 
0 0 -0.06 
4
0.0085 0 0 
0.0085 0 -0.0115 
-0.0085 0 -0.0115 
-0.0085 0 0 
0 0 -0.0115 
4
-0.0085 0 2.23517e-011 
0.0085 0 2.23517e-011 
0.0085 0 -0.0115 
-0.0085 0 -0.0115 
0 0 -0.0115 
4
0.0085 0 4.47035e-011 
0.0085 0 -0.0115 
-0.0085 0 -0.0115 
-0.0085 0 4.47035e-011 
0 0 -0.0115 
4
-0.0085 0 -8.64267e-010 
0.0085 0 -8.64267e-010 
0.0085 0 -0.0115 
-0.0085 0 -0.0115 
0 0 -0.0115 
4
0.0085 0 8.9407e-011 
0.0085 0 -0.0115 
-0.0085 0 -0.0115 
-0.0085 0 8.9407e-011 
0 0 -0.0115 
4
-0.0085 0 1.04308e-009 
0.0085 0 1.04308e-009 
0.0085 0 -0.0115 
-0.0085 0 -0.0115 
0 0 -0.0115 
4
0.0085 0 -1.72853e-009 
0.0085 0 -0.0115 
-0.0085 0 -0.0115 
-0.0085 0 -1.72853e-009 
0 0 -0.0115 
4
-0.0085 0 -7.7486e-010 
0.0085 0 -7.7486e-010 
0.0085 0 -0.0115 
-0.0085 0 -0.0115 
0 0 -0.0115 
3
0 0 -0.008 
-0.0085 0 1.78814e-010 
0.0085 0 1.78814e-010 
0 0 -0.06 
4
0.0085 0 0 
0.0085 0 -0.0115 
-0.0085 0 -0.0115 
-0.0085 0 0 
0 0 -0.0115 
4
-0.0085 0 2.23517e-011 
0.0085 0 2.23517e-011 
0.0085 0 -0.0115 
-0.0085 0 -0.0115 
0 0 -0.0115 
4
0.0085 0 4.47035e-011 
0.0085 0 -0.0115 
-0.0085 0 -0.0115 
-0.0085 0 4.47035e-011 
0 0 -0.0115 
4
-0.0085 0 -8.64267e-010 
0.0085 0 -8.64267e-010 
0.0085 0 -0.0115 
-0.0085 0 -0.0115 
0 0 -0.0115 
4
0.0085 0 8.9407e-011 
0.0085 0 -0.0115 
-0.0085 0 -0.0115 
-0.0085 0 8.9407e-011 
0 0 -0.0115 
4
-0.0085 0 1.04308e-009 
0.0085 0 1.04308e-009 
0.0085 0 -0.0115 
-0.0085 0 -0.0115 
0 0 -0.0115 
4
0.0085 0 -1.72853e-009 
0.0085 0 -0.0115 
-0.0085 0 -0.0115 
-0.0085 0 -1.72853e-009 
0 0 -0.0115 
4
-0.0085 0 -7.7486e-010 
0.0085 0 -7.7486e-010 
0.0085 0 -0.0115 
-0.0085 0 -0.0115 
0 0 -0.0115 
3
0 0 -0.008 
-0.0085 0 1.78814e-010 
0.0085 0 1.78814e-010 
0 0 -0.06 
4
0.0085 0 0 
0.0085 0 -0.0115 
-0.0085 0 -0.0115 
-0.0085 0 0 
0 0 -0.0115 
4
-0.0085 0 2.23517e-011 
0.0085 0 2.23517e-011 
0.0085 0 -0.0115 
-0.0085 0 -0.0115 
0 0 -0.0115 
4
0.0085 0 4.47035e-011 
0.0085 0 -0.0115 
-0.0085 0 -0.0115 
-0.0085 0 4.47035e-011 
0 0 -0.0115 
4
-0.0085 0 -8.64267e-010 
0.0085 0 -8.64267e-010 
0.0085 0 -0.0115 
-0.0085 0 -0.0115 
0 0 -0.0115 
4
0.0085 0 8.9407e-011 
0.0085 0 -0.0115 
-0.0085 0 -0.0115 
-0.0085 0 8.9407e-011 
0 0 -0.0115 
4
-0.0085 0 1.04308e-009 
0.0085 0 1.04308e-009 
0.0085 0 -0.0115 
-0.0085 0 -0.0115 
0 0 -0.0115 
4
0.0085 0 -1.72853e-009 
0.0085 0 -0.0115 
-0.0085 0 -0.0115 
-0.0085 0 -1.72853e-009 
0 0 -0.0115 
4
-0.0085 0 -7.7486e-010 
0.0085 0 -7.7486e-010 
0.0085 0 -0.0115 
-0.0085 0 -0.0115 
0 0 -0.0115 
3
0 0 -0.008 
-0.0085 0 1.78814e-010 
0.0085 0 1.78814e-010 
0 0 -0.06 
4
0.0085 0 0 
0.0085 0 -0.0115 
-0.0085 0 -0.0115 
-0.0085 0 0 
0 0 -0.0115 
4
-0.0085 0 2.23517e-011 
0.0085 0 2.23517e-011 
0.0085 0 -0.0115 
-0.0085 0 -0.0115 
0 0 -0.0115 
4
0.0085 0 4.47035e-011 
0.0085 0 -0.0115 
-0.0085 0 -0.0115 
-0.0085 0 4.47035e-011 
0 0 -0.0115 
4
-0.0085 0 -8.64267e-010 
0.0085 0 -8.64267e-010 
0.0085 0 -0.0115 
-0.0085 0 -0.0115 
0 0 -0.0115 
4
0.0085 0 8.9407e-011 
0.0085 0 -0.0115 
-0.0085 0 -0.0115 
-0.0085 0 8.9407e-011 
0 0 -0.0115 
4
-0.0085 0 1.04308e-009 
0.0085 0 1.04308e-009 
0.0085 0 -0.0115 
-0.0085 0 -0.0115 
0 0 -0.0115 
4
0.0085 0 -1.72853e-009 
0.0085 0 -0.0115 
-0.0085 0 -0.0115 
-0.0085 0 -1.72853e-009 
0 0 -0.0115 
4
-0.0085 0 -7.7486e-010 
0.0085 0 -7.7486e-010 
0.0085 0 -0.0115 
-0.0085 0 -0.0115 
0 0 -0.0115 
3
0 0 -0.008 
-0.0085 0 1.78814e-010 
0.0085 0 1.78814e-010 
0 0 -0.06 
4
0.0085 0 0 
0.0085 0 -0.0115 
-0.0085 0 -0.0115 
-0.0085 0 0 
0 0 -0.0115 
4
-0.0085 0 2.23517e-011 
0.0085 0 2.23517e-011 
0.0085 0 -0.0115 
-0.0085 0 -0.0115 
0 0 -0.0115 
4
0.0085 0 4.47035e-011 
0.0085 0 -0.0115 
-0.0085 0 -0.0115 
-0.0085 0 4.47035e-011 
0 0 -0.0115 
4
-0.0085 0 -8.64267e-010 
0.0085 0 -8.64267e-010 
0.0085 0 -0.0115 
-0.0085 0 -0.0115 
0 0 -0.0115 
4
0.0085 0 8.9407e-011 
0.0085 0 -0.0115 
-0.0085 0 -0.0115 
-0.0085 0 8.9407e-011 
0 0 -0.0115 
4
-0.0085 0 1.04308e-009 
0.0085 0 1.04308e-009 
0.0085 0 -0.0115 
-0.0085 0 -0.0115 
0 0 -0.0115 
4
0.0085 0 -1.72853e-009 
0.0085 0 -0.0115 
-0.0085 0 -0.0115 
-0.0085 0 -1.72853e-009 
0 0 -0.0115 
4
-0.0085 0 -7.7486e-010 
0.0085 0 -7.7486e-010 
0.0085 0 -0.0115 
-0.0085 0 -0.0115 
0 0 -0.0115 
3
0 0 -0.008 
-0.0085 0 1.78814e-010 
0.0085 0 1.78814e-010 
